值
' =1+1
